labels 0 1 2 3 4 5
3 0.160576 0.00613226 0.132762 0.620333 0.0371539 0.0430419
2 0.00628198 0.00230752 0.941 0.0130748 0.000376066 0.0369599
1 8.43018e-06 0.992993 0.00383599 0.00178597 0.000445822 0.000930464
0 0.999865 6.24787e-08 8.50387e-05 4.17054e-06 1.55538e-06 4.4228e-05
4 0.000241716 0.000176094 0.00503979 0.000373682 0.993964 0.000204579
1 1.24132e-06 0.997388 0.00101602 0.00130781 0.000188755 9.81117e-05
4 0.000258897 9.12099e-05 0.000249262 0.00180569 0.994288 0.00330744
4 0.00515319 0.0320075 0.0279947 0.101732 0.720458 0.112654
2 0.0372575 0.0219284 0.486667 0.0281246 0.263201 0.162821
4 0.00584308 2.48938e-05 0.00268293 0.000718935 0.989494 0.00123613
0 0.997831 7.46357e-06 0.00106689 0.000357785 8.12021e-06 0.000728303
2 0.0848104 0.00649274 0.784715 0.0394335 0.0257849 0.0587637
4 0.0012577 2.80396e-05 0.00135711 0.00434966 0.991189 0.00181863
0 0.999713 2.51625e-07 5.1044e-05 3.53703e-06 9.5335e-05 0.000137175
1 4.23472e-07 0.998634 0.000101395 0.00123039 1.01448e-05 2.31747e-05
5 0.000386454 0.00121772 0.00156271 0.0392317 0.000191283 0.95741
4 0.00305607 0.000132455 0.0209562 0.0100357 0.964116 0.00170336
3 0.347656 0.00409939 0.0917635 0.522147 0.015779 0.0185549
3 0.004205 0.00551494 0.0877957 0.871167 0.00488669 0.0264306
4 0.000115422 9.39056e-06 0.000805473 0.000395183 0.998001 0.000673576
4 0.0446319 0.00449367 0.00298439 0.0424223 0.891618 0.0138502
5 0.00527075 0.0013752 0.0685848 0.0136735 0.0422948 0.868801
4 0.00555079 0.0457148 0.0315828 0.0107455 0.903322 0.00308403
5 0.0007744 5.26863e-05 0.000661487 0.0004316 0.000616788 0.997463
4 0.000418976 0.000441968 0.00914234 0.00344697 0.983815 0.00273453
0 0.999994 2.00208e-08 3.70967e-06 3.33789e-08 1.49935e-06 8.44382e-07
3 0.154564 0.00857838 0.067251 0.358013 0.259404 0.15219
4 4.44591e-07 2.19456e-07 6.31959e-07 2.9324e-07 0.999761 0.000237253
0 0.999866 1.24368e-07 7.10702e-05 3.3387e-05 7.31569e-07 2.89768e-05
1 4.16553e-06 0.99473 0.000411739 0.00195448 0.000229152 0.0026706
3 5.15904e-07 7.60901e-07 5.57919e-07 0.998891 5.94003e-07 0.00110704
1 3.90595e-05 0.984915 0.000780487 0.0116262 0.000966643 0.00167299
3 8.6199e-06 7.61261e-06 9.83115e-06 0.995553 2.00607e-05 0.0044006
0 0.279665 0.0415032 0.138547 0.0506661 0.254545 0.235074
2 0.00448065 0.0272847 0.876652 0.0761613 0.0125058 0.00291553
2 7.19626e-07 3.79123e-07 0.998952 0.000323175 3.45567e-06 0.000720589
3 0.0169053 0.000618409 0.148101 0.811471 0.011608 0.0112961
1 9.77661e-08 0.999264 8.56059e-05 0.000442453 8.72721e-05 0.000120579
2 0.0030636 0.00872648 0.838252 0.118473 0.000559392 0.0309255
1 3.27401e-07 0.998786 0.000106909 0.00100335 3.59001e-05 6.7592e-05
1 0.000271635 0.984101 0.0051061 0.00540774 0.000807286 0.00430658
3 0.0118236 0.00844538 0.180873 0.631399 0.111831 0.0556284
4 3.43216e-06 0.000187503 0.000942034 0.000551 0.998261 5.51922e-05
2 0.00161478 0.0392139 0.911207 0.029913 0.00351224 0.0145386
3 7.31326e-05 0.00466334 0.00846136 0.960769 0.000129182 0.0259035
5 0.00521661 0.000140024 0.000525916 0.0182721 0.000326512 0.975519
1 0.000100537 0.944714 0.0101524 0.0423248 0.000794413 0.00191347
2 0.000404072 0.00291274 0.974426 0.00556769 0.0125941 0.00409555
4 1.18177e-08 7.00305e-09 9.02115e-09 1.56841e-08 0.999976 2.36901e-05
4 2.84375e-07 1.05163e-07 4.16018e-07 1.67911e-07 0.999999 5.2066e-07
0 0.45043 0.00740949 0.123439 0.0619519 0.0240991 0.33267
3 8.74293e-05 5.64e-06 0.000902832 0.998523 5.00181e-06 0.000475928
5 0.00642893 4.89373e-05 0.00023772 0.00148006 0.00359068 0.988214
5 0.00114614 0.00119622 0.000916295 0.021613 0.00312451 0.972004
2 0.00223613 0.000233464 0.995208 0.000584701 0.00127729 0.000460838
0 0.997947 2.29941e-06 5.82093e-05 4.29266e-05 6.08258e-05 0.00188861
4 2.28148e-07 1.09799e-07 4.08728e-07 1.37004e-07 0.99986 0.000139496
1 9.23056e-05 0.990323 0.00340716 0.00527335 0.000330496 0.000573955
4 0.0015871 4.49413e-06 0.000911023 0.00083857 0.996056 0.000602947
5 0.00534534 0.00297535 0.000906682 0.00137445 0.00140301 0.987995
3 0.0011234 9.55987e-05 0.000840761 0.98409 0.0119139 0.00193603
2 0.0108678 0.00059001 0.917782 0.00308641 0.00339114 0.0642829
4 0.00144891 0.00136187 0.0383751 0.0206099 0.879355 0.058849
3 0.0017551 0.0297452 0.331597 0.62542 0.00600001 0.00548278
2 0.00388993 0.000848475 0.822154 0.115137 0.0556545 0.00231626
4 0.00160618 0.0042609 0.00514034 0.0306951 0.834319 0.123979
2 0.0169347 0.0123803 0.792175 0.0615027 0.103212 0.0137952
4 8.14454e-05 0.000269536 0.0029317 3.17132e-05 0.996649 3.70206e-05
3 2.16182e-09 2.02393e-09 2.83018e-09 0.999934 5.79954e-07 6.52287e-05
0 0.997626 2.59419e-05 0.00152333 6.12968e-05 5.42804e-06 0.0007578
0 0.67002 0.00265536 0.0743665 0.213157 0.0198398 0.0199607
0 0.999963 4.78551e-08 2.83348e-05 9.0206e-07 1.82449e-07 7.4679e-06
2 0.00487123 9.72016e-06 0.988628 0.00589492 3.2362e-05 0.000563775
1 0.00777388 0.615335 0.0272125 0.303703 0.0141616 0.0318144
1 1.39128e-07 0.999131 5.25456e-05 0.00039184 9.14425e-05 0.000333488
4 0.00049965 0.0288048 0.0156369 0.0180881 0.935566 0.00140459
3 6.34069e-05 0.00214203 0.000262188 0.980863 3.21981e-05 0.0166371
2 0.00306392 0.00444123 0.963197 0.00652257 0.0182572 0.00451806
4 0.00440934 0.0665663 0.0145053 0.15376 0.735134 0.0256257
3 0.156102 0.0200738 0.125955 0.435553 0.164649 0.0976667
4 0.0169493 0.000586397 0.00331969 0.0428194 0.849113 0.0872119
2 0.0890739 0.00431215 0.413924 0.0226295 0.197603 0.272458
2 3.29564e-11 1.63513e-11 0.999993 6.01629e-06 1.00197e-06 1.4167e-07
4 0.0341814 0.00163572 0.0262087 0.32472 0.571689 0.0415656
5 0.00348012 0.0255599 0.0417722 0.0137788 0.0195298 0.895879
4 7.54225e-10 4.22291e-10 5.77436e-10 1.2235e-09 0.999987 1.33329e-05
3 0.00944274 0.177357 0.323828 0.388485 0.0869615 0.0139265
3 0.000163063 2.89218e-05 3.25604e-05 0.924813 0.00036368 0.0745988
4 0.0021772 7.05371e-06 0.049187 0.000183516 0.948118 0.000327548
1 4.008e-07 0.998546 0.000694471 0.00046241 0.000164294 0.000132479
3 6.37815e-07 3.97812e-07 7.08897e-07 0.998888 3.6777e-07 0.00110971
4 0.00122819 0.00570412 0.203503 0.0117264 0.742188 0.0356497
4 0.00401344 0.0293495 0.0786564 0.024748 0.816916 0.0463162
3 7.38636e-08 8.57459e-08 8.4708e-08 0.99957 5.95439e-08 0.000429888
1 3.79867e-06 0.99768 0.00158462 0.000361286 0.000173005 0.000197737
4 2.70751e-08 1.52094e-08 5.51528e-08 2.11561e-08 0.999999 4.4867e-07
1 0.000118325 0.977681 0.00121252 0.0105335 0.00310522 0.00734972
3 0.00545844 0.110305 0.102626 0.737229 0.0241765 0.0202045
5 0.227798 0.00273385 0.160997 0.00232667 0.0086374 0.597508
4 0.000347834 3.02123e-05 0.0388995 0.0167998 0.943788 0.000134769
2 0.017769 0.0522311 0.570546 0.0512523 0.281007 0.0271939
0 0.998274 4.94901e-06 4.9742e-05 8.7062e-06 5.97992e-05 0.00160319
5 5.14278e-08 2.67064e-08 2.98494e-08 7.82511e-08 4.41453e-08 1
4 3.99194e-05 6.17964e-06 0.00103839 4.53898e-05 0.998835 3.54632e-05
5 0.0239914 0.0132681 0.246962 0.121798 0.238702 0.355279
4 0.00136702 8.51324e-05 0.042589 0.00793532 0.942465 0.00555877
2 0.00135437 1.25142e-05 0.994681 0.00328031 0.00025518 0.000416423
1 0.00148867 0.97403 0.0077087 0.00954157 0.000324795 0.00690643
4 0.000979086 0.000312927 0.000618898 0.0166098 0.944929 0.0365501
4 0.000280565 1.27539e-05 0.00157953 4.86642e-05 0.997955 0.000123625
3 0.000836614 0.0243888 0.0137825 0.86773 0.000310885 0.0929512
1 6.09667e-05 0.943446 0.0252872 0.0299301 0.000995897 0.000279444
3 0.000218132 0.00220323 0.000305047 0.975021 6.77408e-05 0.0221853
4 7.98339e-05 0.000269597 0.00978657 0.00702214 0.982537 0.000304483
2 0.000564303 0.0336697 0.843175 0.0650495 0.056118 0.00142333
4 0.00015357 0.000352492 0.00998388 0.000681203 0.986856 0.00197332
4 5.69456e-05 0.00114864 0.00478945 0.00313795 0.989711 0.00115617
4 1.101e-07 5.71612e-08 2.16361e-07 8.85806e-08 0.999997 2.03224e-06
4 0.00100436 0.000453958 0.00672553 0.00299329 0.985705 0.00311745
2 0.00410071 0.000264967 0.984345 0.000645683 0.00744398 0.00319973
5 0.00013502 3.52577e-06 0.000236076 0.0648704 4.60034e-05 0.934709
4 0.0110579 5.83013e-05 0.0383412 0.000218524 0.947684 0.00264044
3 0.000671441 0.00651349 0.0198648 0.904535 0.052735 0.0156807
4 0.00563758 0.0030427 0.30266 0.0176681 0.653683 0.0173093
4 0.000410919 2.31061e-05 1.24001e-05 8.73559e-05 0.999422 4.45341e-05
4 0.000181613 0.00573697 0.0945382 0.0322354 0.86456 0.00274816
0 0.93794 0.000190947 0.041846 0.0176285 0.000104609 0.00228949
5 2.79715e-07 1.02309e-07 9.11946e-08 1.45598e-07 1.58777e-07 0.999999
3 0.00145012 0.00429238 0.0471722 0.625668 0.00684546 0.314572
5 0.000675331 5.86597e-05 0.000392895 0.00243534 0.000229335 0.996208
4 0.0022927 2.42922e-05 0.0540924 0.000646241 0.937438 0.00550623
2 0.069991 0.00102822 0.560787 0.00901552 0.170339 0.188839
5 0.00012819 1.04364e-05 0.000664412 0.00230763 1.53371e-06 0.996888
2 0.00148748 0.00034731 0.95321 0.0201335 0.0245118 0.000309949
5 0.0042949 0.174863 0.0382491 0.368814 0.00522116 0.408558
1 2.0063e-07 0.998997 0.000248915 0.000704863 1.62378e-05 3.27035e-05
0 0.998223 4.32802e-06 0.000503183 7.82384e-05 4.63632e-05 0.00114535
1 2.82675e-07 0.998798 0.000672852 0.000445326 2.41512e-05 5.91998e-05
4 0.0406277 0.000324113 0.280813 0.00510307 0.664737 0.00839422
4 0.000101891 9.23539e-05 0.0120458 0.000103552 0.987604 5.27801e-05
5 0.0243878 0.00399686 0.0606501 0.00441906 0.0306778 0.875868
3 0.0275285 0.00176272 0.0347746 0.861803 0.0597072 0.0144243
3 0.000163813 0.000929158 0.155683 0.830692 0.0117491 0.000782748
1 2.71937e-06 0.996245 0.00269028 0.000728769 6.86729e-05 0.000264107
2 0.00272112 0.000764959 0.660694 0.0231755 0.310489 0.00215502
1 3.06185e-06 0.995586 0.000342803 0.00187479 0.000261435 0.00193238
5 0.0278153 0.0240859 0.314215 0.134112 0.150702 0.34907
2 5.24114e-09 2.87618e-09 0.999885 9.66241e-05 1.67453e-05 1.31786e-06
0 0.999111 6.01479e-06 0.000187913 3.61873e-05 2.7569e-05 0.000631214
4 0.0162259 0.0975791 0.215126 0.184027 0.334638 0.152404
4 0.00135712 0.000226615 0.0281372 0.0436181 0.914787 0.0118743
2 0.0407856 0.00601486 0.733321 0.0958998 0.103226 0.0207522
5 0.00542861 0.00018963 0.00102928 0.000102663 0.00161565 0.991634
5 0.00266665 0.00029137 0.00197413 0.0336368 6.09892e-05 0.96137
1 1.98591e-05 0.98965 0.00121886 0.00604347 0.00246831 0.000599672
5 0.000376296 2.98381e-05 0.000154319 0.00104587 0.00622863 0.992165
4 0.00477506 9.55996e-06 0.0238803 0.000205733 0.967342 0.00378707
0 0.996922 1.51436e-05 0.000937029 9.63588e-05 0.000285344 0.00174391
3 0.0191544 0.00147227 0.229984 0.725599 0.000526582 0.0232639
4 0.00035537 0.0111652 0.00515107 0.00469412 0.967725 0.0109094
4 1.44389e-07 1.96085e-07 3.47395e-07 4.05428e-07 0.999992 6.59518e-06
0 0.612965 0.00862989 0.204741 0.018117 0.0468696 0.108678
5 2.02968e-08 1.05809e-08 1.84379e-08 3.3788e-08 1.01993e-08 1
4 4.7791e-08 2.38141e-08 7.76193e-08 8.78716e-08 1 9.50602e-08
4 0.000441092 6.49889e-05 0.0344029 0.000193973 0.964815 8.20516e-05
5 0.00028382 9.76163e-05 0.000284091 0.0132796 1.723e-05 0.986038
4 0.000941462 3.15837e-05 0.0058512 0.00032079 0.991714 0.00114071
5 0.0027509 0.00149488 0.003088 0.0294579 0.0134851 0.949723
1 3.4312e-07 0.99875 0.000328609 0.000736952 1.86303e-05 0.000165121
4 0.000225891 5.43763e-06 0.000326415 0.0012253 0.997422 0.000794862
4 0.000162722 5.78338e-05 0.00206072 0.000935661 0.992515 0.00426844
2 0.0064664 0.0578474 0.867661 0.0602827 0.00225896 0.00548395
2 0.00369728 0.00121241 0.796527 0.166434 0.00017976 0.031949
3 0.00573941 0.000523592 0.000951866 0.959812 0.000239329 0.0327338
2 1.04122e-07 1.76353e-07 0.999462 0.000425555 9.29903e-05 1.94454e-05
1 0.00142863 0.617759 0.0558463 0.26132 0.0238514 0.0397949
1 0.000198623 0.991231 0.001725 0.00356215 0.000357293 0.00292622
3 0.0130239 0.0080202 0.153088 0.331718 0.247423 0.246727
1 5.16824e-07 0.998387 0.000215369 0.00130127 4.60889e-05 4.96081e-05
2 0.0157755 0.0732228 0.404369 0.229883 0.0123286 0.264421
1 3.90909e-06 0.995672 0.000324651 0.00370454 0.00019075 0.000104132
3 0.000612829 0.0184701 0.293997 0.661412 0.00130196 0.0242059
5 0.000405508 0.00279618 0.000403925 0.00396107 0.000899818 0.991533
0 0.999501 1.01483e-06 0.000362388 6.37427e-05 6.92257e-07 7.08004e-05
3 0.00221146 0.0051332 0.0153868 0.91658 0.00165255 0.0590363
4 6.83315e-05 5.3376e-05 0.0103765 0.0003954 0.988845 0.000261763
2 3.74574e-05 6.67523e-05 0.988046 0.0118428 3.17639e-08 7.17145e-06
5 0.000689061 0.000117769 0.00232796 0.101382 3.56273e-05 0.895448
0 0.99999 6.77606e-08 1.29926e-06 5.30339e-07 2.61465e-07 7.96846e-06
1 0.000221877 0.968388 0.00238333 0.0185758 0.00111617 0.00931472
1 1.64109e-06 0.996969 0.000925102 0.00171914 0.000350807 3.41972e-05
1 0.000111522 0.978114 0.00107772 0.00867879 0.0017235 0.0102944
0 0.99813 8.43686e-06 0.000828176 0.00016872 0.000130257 0.000734705
4 0.000203522 0.000861537 0.0118722 0.433922 0.546005 0.00713508
0 0.997909 1.2387e-06 0.000208434 0.000245145 4.30029e-05 0.00159311
5 0.00391406 0.164424 0.129206 0.251766 0.0277397 0.42295
1 6.65159e-08 0.999466 0.000221043 0.00017489 4.54862e-05 9.22252e-05
5 0.0080697 0.00140125 0.378411 0.00290377 0.034204 0.57501
4 0.000128492 9.376e-06 0.000640546 0.000654831 0.997695 0.000871982
2 5.46284e-05 6.48104e-05 0.988449 0.0114149 4.75313e-06 1.18706e-05
3 2.25907e-05 9.08531e-07 0.00185683 0.998066 5.46892e-08 5.39521e-05
2 0.159239 0.00135374 0.795279 0.00219644 0.0396483 0.00228311
1 2.20241e-05 0.990738 0.00425457 0.00424589 0.000373683 0.00036623
1 1.03338e-05 0.992083 0.000341324 0.00550963 0.000440951 0.00161494
1 9.23143e-06 0.992841 0.00365432 0.0023532 0.000382502 0.000760221
3 2.85035e-05 0.000894312 0.000292073 0.993894 0.000165377 0.00472608
4 0.000345676 0.000267155 0.00126499 0.00446723 0.947303 0.0463517
5 0.00050312 4.56293e-05 4.84595e-05 0.0116062 3.50188e-05 0.987762
2 6.95674e-10 3.88821e-10 0.999978 5.99333e-06 1.34764e-05 2.16762e-06
4 0.00035196 0.000668362 0.000205193 0.012098 0.916604 0.0700727
4 0.0071037 0.000159839 0.00361995 0.00616778 0.972165 0.0107834
5 0.0106373 0.00630459 0.00233163 0.0234709 0.00476691 0.952489
4 0.000258534 0.000459052 0.00616488 0.0948216 0.892886 0.00540982
3 0.000155713 0.0198568 0.00897936 0.969521 0.000416141 0.00107052
4 0.000181717 0.000154871 0.00286531 0.0180274 0.978103 0.00066816
0 0.994859 4.00685e-06 0.00336467 0.000254983 0.000426736 0.00109048
3 1.38749e-06 6.35733e-06 0.00101822 0.998901 3.34991e-06 7.00399e-05
5 0.00895301 0.00133109 0.00189471 0.000762817 0.000510259 0.986548
5 0.00144201 0.00120661 0.000518723 0.0026932 0.000651931 0.993488
5 0.00291591 0.000103022 5.16118e-05 0.058215 3.59141e-05 0.938679
4 0.120413 0.0193198 0.0333082 0.211478 0.386756 0.228725
2 0.00959173 4.36724e-05 0.976822 0.0124655 0.000801826 0.000275121
2 0.00158951 2.4094e-08 0.998314 4.62877e-05 3.62641e-05 1.41774e-05
2 0.0393426 0.00508245 0.690876 0.207236 0.0464308 0.011032
1 0.000987693 0.956028 0.0178085 0.0111396 0.00314585 0.0108903
2 0.000465129 7.37946e-05 0.992411 0.00584158 0.000118234 0.0010906
3 0.000481551 0.0150893 0.0116182 0.875295 0.00924036 0.0882759
4 0.00170301 0.00197833 0.0185684 0.00521709 0.959728 0.0128054
1 3.64464e-06 0.995684 0.00250899 0.00151762 7.0768e-05 0.000215076
3 0.00844606 0.0460308 0.0905673 0.74122 0.0663612 0.0473748
3 0.000171851 0.000541169 0.00448529 0.990803 1.77187e-06 0.00399671
3 0.000309858 0.0121058 0.00365739 0.96565 2.64971e-05 0.0182502
5 0.000831586 0.00805531 0.317147 0.0276256 0.0038386 0.642502
3 0.0104525 0.00297429 0.0429729 0.791101 0.0421652 0.110334
3 0.000690038 0.00547472 0.0247496 0.959279 0.00347026 0.00633619
4 0.0224717 0.00151485 0.0885399 0.0311581 0.841273 0.0150424
2 8.03237e-06 1.38034e-05 0.994615 0.00483871 0.000513369 1.11962e-05
2 5.32006e-06 0.00285888 0.996179 0.000504737 0.000430055 2.17906e-05
4 3.62229e-08 1.80773e-08 7.05066e-08 3.64907e-08 0.999999 4.83555e-07
1 2.73005e-07 0.998801 7.10971e-05 0.000924848 0.000103647 9.86359e-05
5 0.000240722 0.000628076 0.000573922 0.0218092 4.9503e-05 0.976699
3 0.0884312 0.00367239 0.152509 0.433917 0.0438392 0.277631
0 0.644588 0.0016532 0.180229 0.00946745 0.115379 0.0486831
4 0.00300088 0.00630053 0.0846274 0.223067 0.66892 0.0140844
2 0.000154956 0.016307 0.941415 0.0386965 0.00145916 0.00196694
5 0.00390127 0.00352245 0.00293432 0.125925 0.000586423 0.86313
0 0.999431 1.61197e-06 0.00055557 5.26973e-06 3.18447e-07 5.76303e-06
2 0.0332027 0.0402928 0.474515 0.23533 0.156782 0.0598772
4 1.60515e-09 4.43562e-10 1.83911e-09 4.97357e-10 1 2.52925e-07
2 3.50618e-05 0.0811183 0.914301 0.00430385 4.30885e-05 0.000198742
4 3.69368e-07 2.90842e-07 3.36046e-07 8.05272e-07 0.999969 2.89013e-05
1 0.00102316 0.909292 0.00357667 0.0173215 0.00300116 0.065785
4 4.19167e-07 4.5279e-07 4.29039e-07 9.55816e-07 0.999959 3.89294e-05
5 0.000668658 0.000124283 0.000149303 0.00886712 0.000162164 0.990028
3 0.00870738 0.000494467 0.0213642 0.957827 0.00673168 0.00487498
3 3.37563e-05 0.00106006 0.00782023 0.988261 0.00225084 0.000574433
2 3.10286e-05 0.0625502 0.914779 0.0224812 2.0613e-05 0.000137534
1 0.00218392 0.717848 0.12863 0.122977 0.00139472 0.0269661
2 3.04041e-08 8.99358e-09 0.999929 1.17417e-06 6.96178e-05 3.56084e-07
0 0.996422 1.36159e-05 1.91451e-05 4.29017e-05 0.000118859 0.0033831
5 0.00352812 0.00072649 0.0188836 0.00287714 0.00525705 0.968728
5 0.000792314 0.307597 0.00897474 0.0584574 7.65454e-05 0.624102
3 0.0159608 0.00623979 0.0443901 0.615488 0.304382 0.0135393
3 0.00151175 0.0420899 0.035829 0.836826 0.0749958 0.00874778
3 0.00499364 0.0924588 0.0280723 0.601942 0.208218 0.064315
1 6.5435e-07 0.998344 0.000633733 0.000950321 1.07766e-05 6.09053e-05
5 0.111221 0.000548769 0.0134946 0.0793167 0.00141409 0.794005
1 3.18826e-07 0.998727 0.000101355 0.0010393 0.0001154 1.65888e-05
5 0.137922 0.00728236 0.170356 0.133138 0.0265908 0.524711
0 0.984857 0.000115632 0.0121519 0.00153644 4.94173e-05 0.00128955
3 8.70719e-05 7.76869e-05 0.000104093 0.985491 5.54767e-05 0.0141848
0 0.997319 1.22936e-06 0.00175785 0.000282671 4.80428e-05 0.000590948
1 7.80818e-07 0.99801 0.000104507 0.00167083 0.000101713 0.000111721
4 0.00698788 0.000924176 0.0923415 0.135987 0.754117 0.0096426
4 0.00317657 0.00380137 0.174819 0.40026 0.414755 0.00318772
4 7.71702e-08 4.00133e-08 1.6185e-07 5.79666e-08 0.999994 6.14436e-06
1 3.08024e-07 0.99873 0.000609345 0.000586486 1.79485e-05 5.58736e-05
3 0.0084034 0.00825338 0.0830025 0.792975 0.0351753 0.07219
2 1.52203e-08 6.67508e-09 0.999933 2.31613e-05 3.64528e-05 7.40621e-06
1 2.95813e-06 0.996052 0.000451714 0.00295975 0.000328208 0.000205689
2 6.96691e-05 0.00706136 0.984048 0.00864802 2.70619e-05 0.000145639
4 7.56059e-05 1.60869e-05 0.002057 0.00293177 0.99452 0.000399897
3 0.000630573 0.187102 0.36866 0.432256 0.0068464 0.00450617
5 0.001519 0.00233417 0.000270378 0.00314966 0.00150626 0.991221
4 0.00532005 0.000249687 0.0475176 0.0108621 0.930442 0.00560857
2 1.8678e-07 2.20888e-07 0.999326 0.000566896 8.98584e-05 1.69413e-05
2 0.000535287 0.00873716 0.616526 0.0118192 0.016219 0.346163
4 0.00046503 1.74011e-06 0.000523502 0.00190012 0.996925 0.000184166
1 1.66509e-06 0.997607 0.000160005 0.00103565 6.81896e-05 0.00112713
5 0.00018682 0.00193811 0.00272679 0.0169393 0.00120828 0.977001
5 0.00489415 0.0250471 0.0116351 0.184649 0.345148 0.428627
2 0.00200711 0.00215499 0.890602 0.0639218 0.000183969 0.0411305
4 0.00145896 4.16861e-05 0.0132585 0.003316 0.980494 0.00143115
2 5.29806e-06 1.70837e-05 0.996807 0.000115129 0.00305264 3.1122e-06
0 0.993429 1.15242e-05 0.000564378 0.000254798 7.50433e-05 0.00566484
4 0.00016517 2.74097e-06 0.000259068 0.000860608 0.998279 0.000433225
0 0.99991 1.53889e-07 6.83808e-05 4.46636e-06 3.27426e-08 1.72733e-05
0 0.995882 4.15636e-05 0.00161781 0.0002503 7.31602e-06 0.002201
2 6.29481e-05 6.14367e-05 0.985726 0.0127012 3.56574e-06 0.00144449
3 0.000679446 0.0237081 0.00713169 0.949752 4.31297e-05 0.0186854
4 0.0197881 0.181479 0.136252 0.0798016 0.370263 0.212416
2 0.0033646 0.00672254 0.466099 0.406275 0.11391 0.00362834
1 1.10672e-07 0.999285 0.000191913 0.000418019 5.50136e-05 5.0061e-05
2 0.000365123 0.000676033 0.97417 0.00501508 0.0185652 0.00120811
4 0.00042992 0.000751364 0.00399223 0.00782772 0.985183 0.00181601
0 0.948617 8.236e-05 0.00702187 0.00105975 5.02488e-05 0.0431692
2 1.68651e-05 0.00474094 0.98634 0.00881882 4.88381e-06 7.80585e-05
2 0.00110683 0.0510445 0.484212 0.271996 0.187935 0.0037063
4 9.73406e-09 6.92247e-09 1.68275e-08 1.1809e-08 0.999993 7.35327e-06
3 0.000286904 0.00293563 0.00501075 0.987031 5.2915e-05 0.00468294
3 6.41466e-05 0.000537607 0.00163027 0.991216 8.81718e-05 0.00646362
0 0.999964 2.0401e-08 3.52207e-05 4.66865e-08 1.20673e-07 9.83069e-08
0 0.999822 2.66727e-08 0.000113574 4.30825e-07 3.90708e-05 2.45779e-05
5 0.000534485 0.000108954 0.00106037 0.157718 0.000833665 0.839745
1 2.3772e-07 0.998915 9.15797e-05 0.000925229 2.56779e-05 4.2281e-05
4 0.00688019 0.00119565 0.203783 0.0307021 0.753229 0.0042102
5 0.00309402 0.012983 0.00505049 0.00343521 0.00338069 0.972057
5 0.000297912 0.00193504 0.00013083 0.00025288 0.0118483 0.985535
2 0.17413 0.00428669 0.43598 0.36647 0.00623306 0.0128996
5 0.00064474 8.93228e-05 0.000993667 0.001812 0.000129926 0.99633
1 1.52846e-05 0.991193 0.00022473 0.00712189 0.000661381 0.000783529
2 0.00352302 0.124345 0.522931 0.324411 0.00892095 0.0158688
4 0.00101053 0.00141263 0.00212157 0.0372895 0.936029 0.0221372
3 5.03715e-05 0.0021564 0.000935115 0.995457 2.96765e-05 0.00137113
5 0.282146 0.00301963 0.0559826 0.0598935 0.0101891 0.588769
4 0.000985461 0.0009446 0.0438705 0.00117423 0.947587 0.00543862
2 0.000499023 0.00453574 0.973765 0.00583777 2.0801e-05 0.0153417
0 0.999943 2.10981e-08 2.21847e-05 9.03178e-07 1.33747e-05 2.00661e-05
1 0.00615302 0.351113 0.350025 0.0969339 0.173693 0.0220827
1 7.37901e-07 0.99813 0.000150394 0.00163379 6.18454e-05 2.31472e-05
1 7.05387e-07 0.998133 0.000111069 0.00156905 0.00010809 7.82344e-05
2 0.000257878 0.0285691 0.957798 0.0124075 0.000352637 0.000615007
1 2.11811e-07 0.998941 0.000149171 0.000770009 0.000111393 2.81437e-05
5 6.12864e-07 4.99525e-07 6.04777e-07 1.20546e-06 7.02361e-07 0.999996
3 2.18102e-07 2.15884e-07 3.32426e-07 0.99932 3.87421e-06 0.000674915
3 0.000325173 0.0049514 0.15979 0.819071 0.000166641 0.015696
4 0.000119687 2.35319e-05 0.0278618 0.00855315 0.963292 0.000149393
3 0.00428852 4.88909e-05 0.00432363 0.987695 0.00274954 0.000894616
5 0.089111 0.000468973 0.00937357 0.0344112 0.0011774 0.865458
2 0.00979212 0.0063405 0.747768 0.0135277 0.0724683 0.150103
3 0.000724173 0.0312603 0.00867669 0.934325 0.000219317 0.0247947
4 0.00347684 0.00557833 0.0325943 0.026937 0.922864 0.00854955
1 2.34316e-07 0.998909 7.38061e-05 0.000909972 3.43918e-05 7.22562e-05
3 0.000137379 7.30418e-05 9.009e-05 0.984111 5.11736e-05 0.0155377
5 0.00133422 0.0183168 0.0125596 0.0664419 0.00267648 0.898671
1 1.09624e-06 0.997808 8.20413e-05 0.00201215 7.5904e-05 2.04004e-05
0 0.998734 3.33265e-06 0.000532929 0.000378002 2.42978e-05 0.000327132
5 5.73416e-06 0.00040707 2.52417e-05 0.00131689 0.000115702 0.998129
1 1.57062e-06 0.997309 0.00201281 0.000400878 2.02245e-05 0.00025525
3 4.44844e-05 0.000243947 0.0127808 0.984184 0.00252386 0.000222571
1 6.1097e-05 0.98305 0.00072431 0.015568 0.000282155 0.00031445
5 0.000287512 3.43048e-06 0.000172798 0.00143698 1.05772e-05 0.998089
0 0.825079 0.000294733 0.00730625 0.0605882 0.00020558 0.106526
2 0.0105961 3.41581e-05 0.880185 0.00072325 0.10777 0.000691221
1 5.495e-05 0.982055 0.0111276 0.00459215 0.00147291 0.000697254
5 0.010045 0.074943 0.0577802 0.0241936 0.00618572 0.826853
5 0.000132537 9.92806e-07 1.2947e-06 0.00141532 4.2508e-05 0.998407
1 0.0004867 0.956701 0.00364225 0.0328973 0.00132626 0.00494629
4 0.0184653 0.0607696 0.00936593 0.0748983 0.713313 0.123188
4 0.000166639 0.000253429 0.00280317 0.00771504 0.987928 0.00113381
4 0.00014752 3.25934e-06 0.00253162 0.000725779 0.99637 0.000222198
4 0.000350784 8.90282e-05 0.0713105 0.0042851 0.92294 0.00102488
3 0.0214195 0.000684314 0.382267 0.575734 0.00801019 0.0118851
2 1.00337e-05 0.0752689 0.91976 0.0043344 7.57972e-06 0.000619371
5 0.00233408 3.12702e-05 0.00146693 0.00175917 0.00037967 0.994029
0 0.995178 1.46257e-05 0.000254621 0.00018804 0.000608546 0.00375576
2 0.0410258 0.0319543 0.557839 0.0508289 0.205508 0.112845
5 0.000458942 6.70054e-05 0.00679306 0.0404651 0.00108247 0.951133
2 0.0128519 0.0149382 0.445027 0.0344387 0.087728 0.405017
3 0.000856955 4.32608e-05 0.000208429 0.986042 6.06943e-05 0.0127886
3 6.17742e-05 0.000228275 0.00285946 0.992117 0.00449525 0.000238532
2 1.11111e-05 0.00487268 0.9837 0.0112683 2.08749e-06 0.000145332
0 0.942243 0.000263291 0.0458318 0.00669668 0.0001744 0.00479061
2 0.00876149 0.0249852 0.627942 0.185961 0.00973781 0.142612
2 0.00266281 0.00488038 0.447094 0.376993 0.10749 0.0608801
5 0.000692866 1.78756e-05 0.000149122 5.27012e-05 0.000121498 0.998966
4 0.000137083 8.20252e-05 0.000555918 0.00159586 0.99611 0.0015188
1 1.20159e-06 0.997418 0.000373687 0.00169875 0.000166274 0.000341678
1 3.66729e-07 0.998618 0.000147094 0.00107826 9.57994e-05 6.00712e-05
4 3.63022e-06 1.26063e-06 2.94205e-06 1.83026e-06 0.998225 0.00176564
0 0.950461 0.000105402 0.00242999 5.04652e-05 6.61812e-05 0.0468869
3 0.000213041 0.0006744 0.0161545 0.977767 0.00473073 0.000460632
3 7.31662e-06 3.9112e-06 6.3681e-06 0.99654 8.92236e-06 0.00343313
3 0.00684749 0.00632321 0.0657027 0.872619 0.0149349 0.0335725
2 0.00942583 5.6279e-05 0.941406 0.00107044 0.0357338 0.0123079
1 2.63061e-06 0.99631 0.000634537 0.00263782 0.000122546 0.000292356
5 0.0883058 0.000889915 0.00342199 0.0418844 0.00383922 0.861659
2 4.43872e-05 0.00142846 0.989016 0.00234827 0.00667176 0.000491084
1 0.000181176 0.98644 0.00682273 0.00568313 0.000365998 0.00050722
4 0.000145201 0.00100887 0.00174159 0.0134797 0.980522 0.00310239
2 4.67847e-07 9.70358e-08 0.999989 4.78442e-06 5.53763e-06 5.99243e-07
2 0.180654 0.000811775 0.45877 0.0145694 0.0166689 0.328525
4 0.00134679 0.000265192 0.135092 0.00232477 0.845356 0.0156152
1 1.07118e-06 0.997592 0.000353311 0.00162864 0.000236857 0.000187957
4 0.0421643 0.00187656 0.0278728 0.0164074 0.851136 0.060543
5 0.000210141 5.67308e-05 4.93721e-05 0.00852271 9.38415e-06 0.991152
2 8.50292e-09 1.85261e-08 0.999834 0.000115588 5.04684e-05 2.22522e-07
5 0.000325135 0.000216481 0.00099297 0.0105868 6.28707e-05 0.987816
4 0.000445475 6.60109e-07 0.000463096 6.88518e-05 0.993366 0.00565581
4 0.00015299 0.000165417 0.0119804 3.30144e-05 0.98766 8.23923e-06
2 0.00928285 1.48445e-06 0.990616 4.36014e-05 3.08999e-05 2.5059e-05
3 0.00245727 0.123181 0.047814 0.752276 0.00226296 0.0720088
3 0.000319958 0.000143811 0.00742792 0.95365 8.80789e-05 0.0383701
4 0.0205477 0.00735331 0.107726 0.0271837 0.62384 0.21335
2 7.69835e-05 0.0042769 0.970813 0.0234758 0.00016654 0.001191
4 5.38507e-05 1.87294e-05 0.00939944 0.00196828 0.988518 4.17091e-05
5 0.113088 0.000417042 0.00158046 0.0257213 0.000737714 0.858455
0 0.999617 2.30004e-07 5.64976e-05 3.61478e-05 3.06485e-06 0.000286805
3 0.000438852 9.23689e-05 0.00577614 0.991038 3.05355e-06 0.00265112
1 7.67245e-07 0.997973 0.000129034 0.00165131 8.70429e-05 0.000158692
4 0.0497644 0.00399035 0.0239444 0.145025 0.738483 0.0387935
1 0.00108467 0.666197 0.0958031 0.205424 0.0129291 0.0185614
3 0.00019538 2.11433e-05 1.77405e-05 0.615869 1.84145e-06 0.383894
0 0.388331 0.0111229 0.0185573 0.331431 0.0432629 0.207295
4 0.00163898 0.0683856 0.0826609 0.173981 0.656912 0.0164209
4 0.0769826 0.00382443 0.00609659 0.0405837 0.787412 0.0851005
1 1.98501e-07 0.999109 0.000460905 0.000351744 2.75385e-05 5.07166e-05
4 0.000157634 0.00197231 0.00512747 0.00374081 0.98788 0.00112224
2 4.10297e-07 1.52314e-07 0.999311 0.000576354 0.000103018 8.95613e-06
1 8.78736e-06 0.993339 0.000612642 0.00548421 0.00021989 0.000335391
4 0.00249157 0.00138713 0.0120971 0.000141808 0.976457 0.00742587
2 0.0449727 0.00333834 0.844642 0.0196891 0.00235399 0.0850041
4 0.000466453 0.000251325 0.00838497 0.0382743 0.94756 0.00506291
2 1.24514e-07 1.23961e-07 0.999501 0.00047132 2.34303e-05 4.31e-06
0 0.996549 1.10693e-05 0.000914664 0.000360441 6.38851e-05 0.00210092
4 0.000120948 2.33464e-05 0.0439132 0.000336368 0.955561 4.48277e-05
4 0.00415269 0.00524999 0.00612911 0.0931792 0.833053 0.0582356
1 9.8622e-07 0.997653 0.000208117 0.00176533 0.000131126 0.000241203
4 9.01909e-05 0.000248633 0.00582275 0.000329311 0.99283 0.000678832
4 0.00611489 0.0432465 0.204799 0.225799 0.437501 0.0825399
1 9.37742e-07 0.997798 0.00095023 0.000905963 4.26891e-05 0.000302287
2 0.00189172 0.0050749 0.680131 0.141689 0.0254632 0.14575
4 1.96908e-05 0.00018051 0.00266971 0.00170301 0.988986 0.00644103
5 0.00148972 0.000363228 6.00499e-05 0.000543467 0.0270298 0.970514
4 0.00209922 0.00205224 0.0444197 0.216489 0.732005 0.00293431
3 0.000826427 0.0427721 0.0242714 0.910545 0.00761657 0.0139688
5 0.0211447 0.00596107 0.183127 0.0295113 0.0740399 0.686216
3 2.1686e-09 1.70445e-09 2.64942e-09 0.999941 2.55348e-08 5.93031e-05
0 0.303474 0.0161876 0.101226 0.181826 0.12797 0.269315
5 0.0120824 0.000526364 0.00157197 0.0103388 0.00513354 0.970347
0 0.999999 2.15e-08 9.80229e-07 4.69816e-08 2.57861e-08 2.19374e-07
0 0.999777 7.32128e-07 8.6826e-05 1.03455e-06 3.61997e-05 9.81075e-05
3 2.59396e-07 1.76561e-07 2.60054e-07 0.999314 1.11766e-06 0.000684359
0 0.740782 0.0013396 0.0174097 0.0289002 0.00838472 0.203184
2 0.00189898 0.00173558 0.951295 0.0292365 0.000210886 0.0156228
0 0.99797 1.65916e-05 0.000443108 0.000130468 0.000204986 0.00123453
5 0.018658 0.0109537 0.424339 0.0212467 0.0132985 0.511504
4 0.000344408 6.12071e-05 0.00211271 0.000524676 0.996824 0.000133034
5 0.00725977 0.00175289 0.0106379 0.441697 0.0210721 0.517581
5 0.000546152 1.44901e-05 0.00185356 0.124276 2.27936e-06 0.873308
3 3.76548e-05 8.78291e-05 3.7616e-05 0.965458 1.72712e-06 0.0343772
3 5.90854e-08 3.74989e-08 1.25261e-07 0.999998 1.57906e-07 1.88542e-06
2 0.000113148 0.021793 0.975782 0.00215811 9.81199e-06 0.000143846
3 0.000276495 0.000120266 0.0562266 0.938981 8.80894e-06 0.00438702
4 0.00334323 1.88183e-05 0.0185714 0.00161283 0.974982 0.00147138
1 2.26056e-06 0.996327 0.00239566 0.000940268 0.000308616 2.66253e-05
2 0.00371927 0.0442872 0.824902 0.0569164 0.00530704 0.0648677
5 0.0622847 0.000751185 0.0033057 0.0237712 0.00336966 0.906518
5 0.0113023 0.0286794 0.133156 0.296526 0.147352 0.382985
0 0.99574 1.23314e-05 0.00264106 0.000110375 0.000142523 0.0013538
5 0.000763385 0.00181451 6.05352e-05 0.00583364 0.00470058 0.986827
4 2.28996e-05 6.45122e-07 0.0321224 4.96422e-05 0.967796 8.46757e-06
2 0.000515431 0.000145316 0.947271 0.00602301 0.0443399 0.00170584
2 0.00552344 3.19535e-05 0.587353 0.000747822 0.405591 0.000753533
3 0.00174272 0.00796393 0.0634728 0.917636 0.00211325 0.0070715
3 0.000154236 0.000382718 0.0019307 0.876795 0.000520585 0.120217
5 0.00540756 0.0239975 0.0613193 0.211101 0.03018 0.667994
2 7.89484e-06 0.000690597 0.9897 0.00943762 6.9374e-05 9.40663e-05
2 0.000772403 0.00144461 0.983735 0.00929608 0.0045129 0.000238735
5 3.95296e-05 4.88424e-05 0.00184734 0.00698961 0.000243296 0.990831
5 0.00822267 0.0477857 0.0973504 0.372432 0.00473502 0.469474
4 0.00651186 0.00316137 0.0141188 0.212676 0.727622 0.0359097
4 0.00571663 5.0195e-05 0.115826 0.000403246 0.87757 0.000433888
1 0.000332377 0.986597 0.000786377 0.00588358 0.000441462 0.0059595
3 0.0299819 0.00205889 0.035025 0.807477 0.0367218 0.0887357
4 1.28253e-07 2.95201e-08 1.20815e-07 4.65361e-08 0.999997 2.33659e-06
1 8.91704e-08 0.999297 0.000207181 0.00041605 2.148e-05 5.85828e-05
2 1.23868e-05 0.00128506 0.997333 0.00118131 2.90788e-05 0.000159238
5 0.0085169 0.00737428 0.218957 0.106262 0.0594943 0.599396
3 0.00733137 0.000276093 0.0106848 0.890529 0.00773292 0.0834456
1 0.000174046 0.991475 0.00276416 0.00374155 0.000270753 0.00157467
4 0.00115065 0.000180298 0.00774621 0.195085 0.790781 0.00505711
3 0.0409681 0.00088496 0.0448423 0.895268 0.00617247 0.0118638
5 0.0186087 0.00229936 0.000753426 0.000556656 0.0020274 0.975754
4 2.77721e-05 1.02188e-05 0.00124756 0.000378103 0.998055 0.000281409
0 0.988898 3.10502e-05 0.00325387 0.00117152 0.000243399 0.00640171
4 0.00530848 0.0028736 0.0979184 0.0372861 0.741321 0.115293
4 0.00390782 3.42482e-05 0.000217675 0.00194371 0.993042 0.000854374
4 0.00081403 0.00189606 0.022341 0.0226659 0.949181 0.00310219
1 3.9551e-06 0.99537 0.00148103 0.00238169 0.000282061 0.000481672
0 0.901574 0.00322069 0.0147311 0.0038623 0.0596459 0.0169658
5 0.00504018 6.89578e-05 0.00106078 0.0152778 0.00204774 0.976505
2 0.00170142 0.0046189 0.93489 0.0338689 5.87614e-05 0.0248624
3 6.12633e-07 5.85331e-07 0.00088314 0.998991 1.77977e-07 0.00012464
3 0.100612 0.00214611 0.071831 0.789507 0.026052 0.00985135
0 0.337923 0.0135849 0.310559 0.274203 0.0177102 0.0460199
4 0.000274859 0.000631682 0.0213203 0.0732116 0.901953 0.00260839
4 0.000166307 0.0356974 0.00710931 0.0134982 0.940023 0.00350577
0 0.992124 1.63266e-05 0.00185773 0.000276864 0.00369234 0.0020323
5 0.0101633 0.0225669 0.314154 0.0222794 0.0642932 0.566543
3 1.81238e-11 1.9251e-11 3.20084e-11 0.999999 2.05613e-08 1.24468e-06
4 0.0125431 0.00152573 0.400964 0.0530507 0.52968 0.00223643
3 0.00690396 0.0838084 0.0221345 0.744208 0.00369562 0.13925
2 1.56822e-09 6.55909e-10 0.99996 3.17692e-05 8.04194e-06 6.44257e-07
1 5.92762e-06 0.99472 0.000716058 0.00266101 0.00121383 0.000683207
3 3.21736e-05 8.85389e-05 0.0110339 0.988767 6.97446e-06 7.17633e-05
1 0.000385592 0.984977 0.00616217 0.00561562 0.000426467 0.00243314
5 0.00205665 0.00197441 0.00118732 0.28147 0.000964595 0.712347
5 0.190601 0.00239007 0.0480312 0.0030443 0.00830758 0.747626
5 0.000519131 0.000242805 0.000274304 0.0216818 5.84987e-05 0.977223
2 0.000816558 0.000946789 0.980314 0.00256087 0.0150802 0.000281066
1 0.00116202 0.708843 0.0309716 0.0232274 0.206617 0.029179
2 1.21773e-05 0.00424322 0.991117 0.00454498 1.13579e-05 7.1126e-05
2 3.01007e-07 2.97497e-07 0.999012 0.000860748 0.000123154 3.33097e-06
2 0.0255928 0.00347308 0.864711 0.0356909 0.0629625 0.00757002
3 0.000803444 0.0157437 0.105145 0.861298 0.00758968 0.00942049
2 0.000383461 9.43598e-05 0.990339 0.000744276 0.00670757 0.0017314
4 0.0183713 0.000140486 0.141484 0.000352028 0.836463 0.00318972
5 9.83823e-07 5.90755e-07 9.40582e-07 1.44978e-06 4.87111e-07 0.999996
4 0.000104661 0.00841818 0.00225218 0.00508011 0.983128 0.00101703
1 0.00240757 0.76637 0.0736824 0.0256016 0.00325081 0.128688
4 0.000617486 0.0222674 0.00999773 0.175966 0.774729 0.0164226
4 0.0100038 0.00776332 0.136168 0.20309 0.629721 0.0132538
1 0.00061655 0.926667 0.0128688 0.047802 0.00664274 0.00540331
3 0.00517321 0.000994094 0.017168 0.84748 0.0021596 0.127025
0 0.999038 4.70785e-06 0.000415861 5.94352e-05 1.81739e-05 0.000463493
3 8.98623e-07 4.73913e-07 6.82531e-07 0.998757 3.43188e-07 0.00124047
3 0.0321689 0.000558296 0.0408325 0.593067 0.000825065 0.332549
3 0.00177342 0.0120542 0.267056 0.6634 0.00987502 0.045841
1 2.02814e-07 0.998979 0.000120227 0.000824379 2.6489e-05 5.00469e-05
4 0.000233414 0.00585032 0.0230601 0.0281465 0.93908 0.00362981
3 0.00352571 0.10828 0.175778 0.656559 0.00221543 0.0536424
4 0.0031917 4.69641e-05 0.00712071 0.000433998 0.987703 0.00150368
4 0.000107212 5.99176e-06 0.00447783 1.58149e-05 0.995376 1.68973e-05
2 0.00463008 0.00492867 0.708835 0.0170058 0.0595594 0.205041
4 0.00100014 1.65508e-05 0.0022932 0.00010154 0.99468 0.00190865
2 0.00013095 0.161847 0.817239 0.0175952 0.00149806 0.00168903
1 8.00892e-07 0.998012 0.00146923 0.000304901 4.22344e-05 0.0001707
5 0.007089 0.0648982 0.072009 0.0352155 0.00392439 0.816864
2 2.98487e-06 1.18487e-06 0.997682 0.00207654 0.000233604 3.29874e-06
5 1.7593e-05 1.3574e-05 2.7271e-05 0.00336993 7.76522e-06 0.996564
4 9.92749e-09 4.06432e-09 1.64563e-08 6.21726e-09 1 2.91765e-07
2 0.00581165 0.0867508 0.410507 0.0676231 0.188061 0.241247
3 0.000619224 0.00421287 0.0599317 0.740837 0.143918 0.0504817
4 6.36473e-09 4.26003e-09 5.70741e-09 1.09695e-08 0.999979 2.05824e-05
0 0.974283 0.00034219 0.00686079 0.00306762 0.00649848 0.00894816
0 0.999829 2.1079e-06 5.96126e-05 5.27787e-06 1.31857e-05 9.11551e-05
2 0.000598952 0.0479556 0.868391 0.073317 0.000169501 0.00956772
3 0.000320403 0.000300035 0.000340776 0.971771 0.0010095 0.0262579
2 1.51405e-07 3.98677e-08 0.999992 6.0258e-06 1.40475e-06 6.32377e-07
3 0.00152512 0.0107396 0.137917 0.532731 0.298336 0.0187516
1 0.00175077 0.755165 0.0601614 0.102216 0.0763443 0.00436269
0 0.804132 6.75282e-05 0.00392187 0.00968288 0.00566444 0.176532
2 0.000886249 0.000236398 0.838608 0.00803556 0.0180384 0.134196
4 0.00281109 0.00179459 0.0266707 0.0233708 0.938998 0.00635467
4 0.000814308 0.000201031 0.0036247 0.000419435 0.993284 0.00165666
4 3.02833e-06 4.20177e-06 0.00130181 4.38891e-05 0.998646 8.19361e-07
3 6.09634e-05 0.00213366 0.00423476 0.987126 0.0055268 0.000917375
4 0.000749583 0.00442909 0.00843796 0.0801707 0.893912 0.0123002
4 0.0200965 0.000114379 0.0366007 0.000144974 0.942848 0.00019508
4 0.00033902 0.00204859 0.0178991 0.00750767 0.969467 0.00273906
0 0.983471 8.58848e-05 0.0101442 0.000633099 2.46933e-05 0.0056414
4 0.000931957 0.000809767 0.0889292 0.00254787 0.904583 0.00219815
5 0.00755759 0.0241687 0.111935 0.215115 0.0758691 0.565355
0 0.990706 5.75966e-05 0.0039431 0.000460777 0.000347471 0.00448468
4 0.000246546 0.000220247 0.000586243 0.00216804 0.996307 0.000471876
2 0.0158635 0.080711 0.514568 0.0464964 0.0997982 0.242563
0 0.947887 0.000393353 0.0171223 0.00800181 0.000583231 0.0260118
4 0.00361821 0.0129983 0.182453 0.0435023 0.733672 0.0237556
5 0.000120851 0.000594099 0.00256058 0.218741 0.0284487 0.749535
5 0.000964684 7.05462e-06 1.25489e-05 0.00238171 1.67304e-06 0.996632
4 5.12301e-07 2.10552e-07 3.43513e-07 5.18504e-07 0.999933 6.51383e-05
5 0.0197662 0.0143152 0.0882442 0.214685 0.206966 0.456023
3 5.38492e-08 3.23333e-08 5.58669e-08 0.9998 2.20085e-07 0.000199439
3 0.000114349 3.63002e-05 0.00128981 0.99753 1.29918e-06 0.00102805
4 0.000384339 0.00035593 0.000263461 0.00959964 0.975289 0.0141081
3 2.66213e-08 4.40709e-08 6.39738e-08 0.999945 3.6662e-08 5.48477e-05
3 1.20861e-06 3.61199e-06 4.00205e-06 0.998651 0.000276664 0.00106326
2 0.00172328 0.00236754 0.790305 0.188855 0.00366187 0.0130875
4 0.13498 0.00819585 0.0920802 0.117486 0.584877 0.0623804
3 0.0024554 0.0372339 0.0371076 0.837829 0.00163544 0.0837385
0 0.998238 5.49146e-06 0.00160802 3.10397e-05 1.2164e-06 0.000115943
3 0.00251528 0.119777 0.412867 0.444484 0.00369193 0.0166654
2 0.000343665 0.000304021 0.972636 0.0251211 0.00146393 0.0001312
1 7.71029e-06 0.993763 0.000353245 0.00529692 0.000360051 0.000219152
3 0.00245113 8.36505e-05 0.0091993 0.98261 0.002945 0.00271058
0 0.988515 0.000182336 0.00252765 0.000840364 8.26892e-05 0.00785176
4 0.0143827 0.000980061 0.0367974 0.0209678 0.885162 0.0417103
5 0.000355327 0.000143294 7.05442e-05 0.0148939 0.00123154 0.983305
4 0.000407832 0.000700419 0.00860849 0.011012 0.973691 0.00558039
3 1.77773e-07 1.2457e-07 2.2704e-07 0.999496 1.05617e-07 0.000503753
3 0.00261188 0.00565237 0.0180606 0.968874 3.29151e-05 0.00476864
0 0.999865 1.20953e-07 3.65883e-05 2.21745e-06 3.49794e-06 9.22555e-05
4 0.00159042 0.0110787 0.00683385 0.289744 0.638131 0.0526218
5 0.00268011 0.0035025 0.150117 0.0505779 0.0298544 0.763268
3 0.00190393 0.000252654 0.00331295 0.957019 0.00178011 0.0357317
2 0.0192701 0.00710833 0.599656 0.111712 0.124999 0.137255
0 0.856312 0.000332418 0.0176577 0.000277885 0.120188 0.00523218
4 0.000435355 0.00203151 0.00511424 0.0403869 0.942195 0.00983715
4 0.00111434 0.000147412 0.037225 0.0635368 0.892979 0.0049977
4 0.00169627 0.00133931 0.346904 0.00411488 0.618108 0.0278367
2 0.0166914 0.168491 0.67093 0.0778165 0.0114962 0.0545753
2 0.00763768 7.72972e-05 0.981117 0.000339842 0.0107365 9.20447e-05
5 0.0278675 0.0228931 0.0848878 0.159898 0.270901 0.433553
5 0.00137375 0.000115129 0.000787818 0.00472859 0.00027738 0.992717
1 0.0166506 0.405121 0.268798 0.14771 0.130255 0.0314658
3 0.00637968 0.00187735 0.0213474 0.694527 0.000233867 0.275635
